152 2245
152.1 2157
152.2 2238
152.3 2186
152.4 2233
152.5 2254
152.6 2172
152.7 2268
152.8 2125
152.9 2262
153.0 2298
153.1 2248
153.2 2251
153.3 2293
153.4 2396
153.5 2371
153.6 2343
153.7 2422
153.8 2486
153.9 2498
154.0 2387
154.1 2451
154.2 2514
154.3 2682
154.4 2547
154.5 2561
154.6 2731
154.7 2760
154.8 2804
154.9 3028
155.0 3154
155.1 3190
155.2 3416
155.3 3628
155.4 3801
155.5 4228
155.6 4363
155.7 4628
155.8 4941
155.9 5151
156.0 5632
156.1 5935
156.2 5969
156.3 6337
156.4 6420
156.5 6295
156.6 6352
156.7 6152
156.8 6344
156.9 5959
157.0 5897
157.1 5635
157.2 5581
157.3 5307
157.4 5025
157.5 4796
157.6 4555
157.7 4359
157.8 4036
157.9 4029
158.0 3733
158.1 3483
158.2 3218
158.3 3212
158.4 3076
158.5 2879
158.6 2772
158.7 2693
158.8 2599
158.9 2622
159.0 2428
159.1 2535
159.2 2447
159.3 2373
159.4 2288
159.5 2346
159.6 2200
159.7 2204
159.8 2170
159.9 2132
160.0 2221
160.1 2108
160.2 2050
160.3 2141
160.4 2123
160.5 2030
160.6 2095
160.7 2097
160.8 2041
160.9 2117
161.0 1990
